allele	clone_size	fate_size	all_cell_number	fate_number	P1	P2	P_min	Q_value	bias	fate_bias
10_211del,239_253del,265_266insG	8	0	6279	2302	0.025834420337706096	0.9741655796622939	0.025834420337706096	0.041335072540329754	1.3836812958773301	-1.3836812958773301
157_158insA,211_212insA,238_239insG	8	0	6279	2302	0.025834420337706096	0.9741655796622939	0.025834420337706096	0.041335072540329754	1.3836812958773301	-1.3836812958773301
22_23insGAA,49_50insAG,76_77insA,104_271del	8	0	6279	2302	0.025834420337706096	0.9741655796622939	0.025834420337706096	0.041335072540329754	1.3836812958773301	-1.3836812958773301
23_238delinsTA,262_264del	8	0	6279	2302	0.025834420337706096	0.9741655796622939	0.025834420337706096	0.041335072540329754	1.3836812958773301	-1.3836812958773301
239_240insAA,265_266insA	8	3	6279	2302	0.6701938890209815	0.3298061109790184	0.3298061109790184	0.3298061109790184	0.4817413015724008	0.4817413015724008
11_250del,265_265del	8	0	6279	2302	0.025834420337706096	0.9741655796622939	0.025834420337706096	0.041335072540329754	1.3836812958773301	-1.3836812958773301
22_23insG,50C>G,265_266insAG	8	4	6279	2302	0.873788982721808	0.12621101727819192	0.12621101727819192	0.16828135637092256	0.7739639961675614	0.7739639961675614
266_267delinsAAAA	8	3	6279	2302	0.6701938890209815	0.3298061109790184	0.3298061109790184	0.3298061109790184	0.4817413015724008	0.4817413015724008
103_104insA,157_158insA,184_185insG	1	0	6279	2302	0.6333811116419812	0.3666188883580188	0.3666188883580188	0.3666188883580188	0.4357851637645759	0.4357851637645759
103_104insA,205_225del,265_266insA	1	0	6279	2302	0.6333811116419812	0.3666188883580188	0.3666188883580188	0.3666188883580188	0.4357851637645759	0.4357851637645759
103_104insG,239_240insA,265_266insA	1	1	6279	2302	1.0	0.0	0.0	0.0	inf	inf
103_104insG,264_265del	1	0	6279	2302	0.6333811116419812	0.3666188883580188	0.3666188883580188	0.3666188883580188	0.4357851637645759	0.4357851637645759
103_104insGAAAA,265_266insA	1	0	6279	2302	0.6333811116419812	0.3666188883580188	0.3666188883580188	0.3666188883580188	0.4357851637645759	0.4357851637645759
104_121del,265_266insAG	1	0	6279	2302	0.6333811116419812	0.3666188883580188	0.3666188883580188	0.3666188883580188	0.4357851637645759	0.4357851637645759
12_30delinsGCGTGCTACGTATCGACTCCATATCGTCAGCGTC,36_43delinsTCGACTCCATCGCGTGTA,51G>T,60_72delinsCATCGCGTGTGCGTACAGTCGCG,75_82delinsTCCAT,88_106delinsACGAGCGCGCTC,127_131delinsTATCG,155_165delinsAGCGC,174_203delinsCCATCGT,208_214delinsGCGAC,224_265delinsCTCCATCG	1	0	6279	2302	0.6333811116419812	0.3666188883580188	0.3666188883580188	0.3666188883580188	0.4357851637645759	0.4357851637645759
127_186del	1	0	6279	2302	0.6333811116419812	0.3666188883580188	0.3666188883580188	0.3666188883580188	0.4357851637645759	0.4357851637645759
131_131del,239_240insA	1	0	6279	2302	0.6333811116419812	0.3666188883580188	0.3666188883580188	0.3666188883580188	0.4357851637645759	0.4357851637645759
15_206delinsC,265_266insGGA	1	0	6279	2302	0.6333811116419812	0.3666188883580188	0.3666188883580188	0.3666188883580188	0.4357851637645759	0.4357851637645759
157_158insA,211_211del,265_266insA	1	0	6279	2302	0.6333811116419812	0.3666188883580188	0.3666188883580188	0.3666188883580188	0.4357851637645759	0.4357851637645759
157_158insG,184_185insT,265_266insA	1	0	6279	2302	0.6333811116419812	0.3666188883580188	0.3666188883580188	0.3666188883580188	0.4357851637645759	0.4357851637645759
158_184del,266_268del	1	0	6279	2302	0.6333811116419812	0.3666188883580188	0.3666188883580188	0.3666188883580188	0.4357851637645759	0.4357851637645759
16_52del,77_82del,106_213del	1	0	6279	2302	0.6333811116419812	0.3666188883580188	0.3666188883580188	0.3666188883580188	0.4357851637645759	0.4357851637645759
17_23del,158_159del,211_212insG,265_266insA	1	1	6279	2302	1.0	0.0	0.0	0.0	inf	inf
184_185insA,262_267del	1	0	6279	2302	0.6333811116419812	0.3666188883580188	0.3666188883580188	0.3666188883580188	0.4357851637645759	0.4357851637645759
20_25delinsTT,48_266del	1	0	6279	2302	0.6333811116419812	0.3666188883580188	0.3666188883580188	0.3666188883580188	0.4357851637645759	0.4357851637645759
200_238del	1	0	6279	2302	0.6333811116419812	0.3666188883580188	0.3666188883580188	0.3666188883580188	0.4357851637645759	0.4357851637645759
208_265delinsGAC	1	0	6279	2302	0.6333811116419812	0.3666188883580188	0.3666188883580188	0.3666188883580188	0.4357851637645759	0.4357851637645759
209_210insA,265_266insGG	1	1	6279	2302	1.0	0.0	0.0	0.0	inf	inf
211_212insA,265_266insGAAA	1	0	6279	2302	0.6333811116419812	0.3666188883580188	0.3666188883580188	0.3666188883580188	0.4357851637645759	0.4357851637645759
22_128delinsC,156_156del,265_266insGG	1	0	6279	2302	0.6333811116419812	0.3666188883580188	0.3666188883580188	0.3666188883580188	0.4357851637645759	0.4357851637645759
22_23insA,157_158insG,265_266insA	1	0	6279	2302	0.6333811116419812	0.3666188883580188	0.3666188883580188	0.3666188883580188	0.4357851637645759	0.4357851637645759
22_23insA,44_238del,265_266insA	1	1	6279	2302	1.0	0.0	0.0	0.0	inf	inf
22_23insA,76_76del,203_216del,265_266insAG	1	0	6279	2302	0.6333811116419812	0.3666188883580188	0.3666188883580188	0.3666188883580188	0.4357851637645759	0.4357851637645759
22_23insAA,76_77insA,265_266insG	1	0	6279	2302	0.6333811116419812	0.3666188883580188	0.3666188883580188	0.3666188883580188	0.4357851637645759	0.4357851637645759
22_23insAG,77_237del,265_266insA	1	0	6279	2302	0.6333811116419812	0.3666188883580188	0.3666188883580188	0.3666188883580188	0.4357851637645759	0.4357851637645759
22_23insG,157_158insA,265_266insA	1	0	6279	2302	0.6333811116419812	0.3666188883580188	0.3666188883580188	0.3666188883580188	0.4357851637645759	0.4357851637645759
22_23insG,50_211del,238_239insG,265_266insG	1	0	6279	2302	0.6333811116419812	0.3666188883580188	0.3666188883580188	0.3666188883580188	0.4357851637645759	0.4357851637645759
22_23insG,63_88del,103_104insG,239_240insA,265_266insA	1	0	6279	2302	0.6333811116419812	0.3666188883580188	0.3666188883580188	0.3666188883580188	0.4357851637645759	0.4357851637645759
22_23insGG,76_77insAA,131_265del	1	0	6279	2302	0.6333811116419812	0.3666188883580188	0.3666188883580188	0.3666188883580188	0.4357851637645759	0.4357851637645759
22_23insT,77_266delinsG	1	0	6279	2302	0.6333811116419812	0.3666188883580188	0.3666188883580188	0.3666188883580188	0.4357851637645759	0.4357851637645759
23_211del,238_238del,264_265del	1	0	6279	2302	0.6333811116419812	0.3666188883580188	0.3666188883580188	0.3666188883580188	0.4357851637645759	0.4357851637645759
23_24insC,52_159del	1	0	6279	2302	0.6333811116419812	0.3666188883580188	0.3666188883580188	0.3666188883580188	0.4357851637645759	0.4357851637645759
23_25del,76_77insGG	1	1	6279	2302	1.0	0.0	0.0	0.0	inf	inf
23_30delinsGTCAGCGTC,36_56delinsTCGACTCCATC,63_106delinsGAGCGCGCTC,127_131delinsTATCG,155_167delinsAGCGCTCGCGACTCCATCGTTCGTA,177_187delinsG,195_216delinsCATCGTATGCGC,223_271delinsTGTC	1	0	6279	2302	0.6333811116419812	0.3666188883580188	0.3666188883580188	0.3666188883580188	0.4357851637645759	0.4357851637645759
23_30delinsTCTGCGTGCTACGTATCGACTCCATATCGTCAGCGTC,36_43delinsTCGACTCCATCGCCGTGTA,51_56delinsTATCGACTCCATCGCGT,64_86delinsCCATA,90_104delinsTGCGCG,128_146delinsTCATA,154_167delinsCGACTCCATCGTCGTA,177_187delinsG,195_216delinsCATCGTATGCGC,223_265delinsTGTCGACTCCATCG	1	0	6279	2302	0.6333811116419812	0.3666188883580188	0.3666188883580188	0.3666188883580188	0.4357851637645759	0.4357851637645759
23_33del,74_79del,184_185insA,212_264del	1	0	6279	2302	0.6333811116419812	0.3666188883580188	0.3666188883580188	0.3666188883580188	0.4357851637645759	0.4357851637645759
23_49del,265_266insAGA	1	0	6279	2302	0.6333811116419812	0.3666188883580188	0.3666188883580188	0.3666188883580188	0.4357851637645759	0.4357851637645759
23_76del,157_158insG,265_266insA	1	0	6279	2302	0.6333811116419812	0.3666188883580188	0.3666188883580188	0.3666188883580188	0.4357851637645759	0.4357851637645759
23_76delinsG,265_266insGG	1	0	6279	2302	0.6333811116419812	0.3666188883580188	0.3666188883580188	0.3666188883580188	0.4357851637645759	0.4357851637645759
237_248del,265_266insA	1	0	6279	2302	0.6333811116419812	0.3666188883580188	0.3666188883580188	0.3666188883580188	0.4357851637645759	0.4357851637645759
238_238del,256_265del	1	0	6279	2302	0.6333811116419812	0.3666188883580188	0.3666188883580188	0.3666188883580188	0.4357851637645759	0.4357851637645759
25_30delinsTCAGCGTC,36_147delinsTCGACTCCAT,155_167delinsA,177_187delinsG,195_216delinsCATCGTTATGCGC,223_236delinsTGTCGACTCCAT,265_266insAGA	1	0	6279	2302	0.6333811116419812	0.3666188883580188	0.3666188883580188	0.3666188883580188	0.4357851637645759	0.4357851637645759
25_49del,265_266insA	1	0	6279	2302	0.6333811116419812	0.3666188883580188	0.3666188883580188	0.3666188883580188	0.4357851637645759	0.4357851637645759
31_211del	1	0	6279	2302	0.6333811116419812	0.3666188883580188	0.3666188883580188	0.3666188883580188	0.4357851637645759	0.4357851637645759
34_236del,265_266insAG	1	0	6279	2302	0.6333811116419812	0.3666188883580188	0.3666188883580188	0.3666188883580188	0.4357851637645759	0.4357851637645759
49_50insA,157_158insG,211_212insG,265_266insA	1	1	6279	2302	1.0	0.0	0.0	0.0	inf	inf
49_50insA,77_82del	1	1	6279	2302	1.0	0.0	0.0	0.0	inf	inf
49_50insAG,239_240insA	1	1	6279	2302	1.0	0.0	0.0	0.0	inf	inf
49_50insAGG,77_97del,211_212insA,265_266insAG	1	1	6279	2302	1.0	0.0	0.0	0.0	inf	inf
49_50insAT,265_266insA	1	0	6279	2302	0.6333811116419812	0.3666188883580188	0.3666188883580188	0.3666188883580188	0.4357851637645759	0.4357851637645759
49_50insG,157_158insG,265_266insAG	1	0	6279	2302	0.6333811116419812	0.3666188883580188	0.3666188883580188	0.3666188883580188	0.4357851637645759	0.4357851637645759
49_50insG,77_211del,234_266del	1	0	6279	2302	0.6333811116419812	0.3666188883580188	0.3666188883580188	0.3666188883580188	0.4357851637645759	0.4357851637645759
49_50insGA,265_266insGAAA	1	0	6279	2302	0.6333811116419812	0.3666188883580188	0.3666188883580188	0.3666188883580188	0.4357851637645759	0.4357851637645759
49_50insGAA,76_77insA	1	1	6279	2302	1.0	0.0	0.0	0.0	inf	inf
49_50insGC,130_131del,265_266insA	1	0	6279	2302	0.6333811116419812	0.3666188883580188	0.3666188883580188	0.3666188883580188	0.4357851637645759	0.4357851637645759
49_50insGG,157_158insA,265_266insA	1	0	6279	2302	0.6333811116419812	0.3666188883580188	0.3666188883580188	0.3666188883580188	0.4357851637645759	0.4357851637645759
49_50insGG,239_240insGAAA,265_266insAA	1	1	6279	2302	1.0	0.0	0.0	0.0	inf	inf
49_50insGG,76_77insGG,265_266insA	1	1	6279	2302	1.0	0.0	0.0	0.0	inf	inf
49_50insT,185_186del	1	0	6279	2302	0.6333811116419812	0.3666188883580188	0.3666188883580188	0.3666188883580188	0.4357851637645759	0.4357851637645759
50_259delinsAC,266_267insC	1	0	6279	2302	0.6333811116419812	0.3666188883580188	0.3666188883580188	0.3666188883580188	0.4357851637645759	0.4357851637645759
50_51insC,136_212del,265_266insA	1	0	6279	2302	0.6333811116419812	0.3666188883580188	0.3666188883580188	0.3666188883580188	0.4357851637645759	0.4357851637645759
56_184del,265_266insA	1	0	6279	2302	0.6333811116419812	0.3666188883580188	0.3666188883580188	0.3666188883580188	0.4357851637645759	0.4357851637645759
62_79del,184_185insGAA,211_212insA,265_266insAGGAA	1	0	6279	2302	0.6333811116419812	0.3666188883580188	0.3666188883580188	0.3666188883580188	0.4357851637645759	0.4357851637645759
72_76del,129_267del	1	0	6279	2302	0.6333811116419812	0.3666188883580188	0.3666188883580188	0.3666188883580188	0.4357851637645759	0.4357851637645759
76_77insAG,103_104insAT	1	0	6279	2302	0.6333811116419812	0.3666188883580188	0.3666188883580188	0.3666188883580188	0.4357851637645759	0.4357851637645759
76_77insAG,104_157del,265_266insA	1	0	6279	2302	0.6333811116419812	0.3666188883580188	0.3666188883580188	0.3666188883580188	0.4357851637645759	0.4357851637645759
76_77insG,252_265del	1	1	6279	2302	1.0	0.0	0.0	0.0	inf	inf
76_77insGAA,130_130del,265_266insA	1	0	6279	2302	0.6333811116419812	0.3666188883580188	0.3666188883580188	0.3666188883580188	0.4357851637645759	0.4357851637645759
76_77insGG,103_104insG,185_267delinsAGAGGAAAA	1	0	6279	2302	0.6333811116419812	0.3666188883580188	0.3666188883580188	0.3666188883580188	0.4357851637645759	0.4357851637645759
77_79delinsG,103_104insA,265_266insT	1	0	6279	2302	0.6333811116419812	0.3666188883580188	0.3666188883580188	0.3666188883580188	0.4357851637645759	0.4357851637645759
77_82del,130_131insAG	1	0	6279	2302	0.6333811116419812	0.3666188883580188	0.3666188883580188	0.3666188883580188	0.4357851637645759	0.4357851637645759
77_82del,265_266insGA	1	0	6279	2302	0.6333811116419812	0.3666188883580188	0.3666188883580188	0.3666188883580188	0.4357851637645759	0.4357851637645759
103_104insA,238_239insG,265_266insG	1	1	6279	2302	1.0	0.0	0.0	0.0	inf	inf
104_130del,156_157del,184_185insA,211_212insGG,266_267delinsA	1	0	6279	2302	0.6333811116419812	0.3666188883580188	0.3666188883580188	0.3666188883580188	0.4357851637645759	0.4357851637645759
131_132del,185_211del	1	1	6279	2302	1.0	0.0	0.0	0.0	inf	inf
156_157insTA,211_212insGGA	1	0	6279	2302	0.6333811116419812	0.3666188883580188	0.3666188883580188	0.3666188883580188	0.4357851637645759	0.4357851637645759
157_158insA,184_185insGTG	1	0	6279	2302	0.6333811116419812	0.3666188883580188	0.3666188883580188	0.3666188883580188	0.4357851637645759	0.4357851637645759
158_166del,238_239insG,265_266insG	1	0	6279	2302	0.6333811116419812	0.3666188883580188	0.3666188883580188	0.3666188883580188	0.4357851637645759	0.4357851637645759
158_173del,266_267delinsGGAA	1	1	6279	2302	1.0	0.0	0.0	0.0	inf	inf
16_25del,47_237del,265_266insAA	1	0	6279	2302	0.6333811116419812	0.3666188883580188	0.3666188883580188	0.3666188883580188	0.4357851637645759	0.4357851637645759
180_184del,265_266insAG	1	0	6279	2302	0.6333811116419812	0.3666188883580188	0.3666188883580188	0.3666188883580188	0.4357851637645759	0.4357851637645759
184_185insTGG,265_266insG	1	0	6279	2302	0.6333811116419812	0.3666188883580188	0.3666188883580188	0.3666188883580188	0.4357851637645759	0.4357851637645759
207_211delinsGA,265_266insGG	1	1	6279	2302	1.0	0.0	0.0	0.0	inf	inf
21G>A,49_50insA,131_268del	1	0	6279	2302	0.6333811116419812	0.3666188883580188	0.3666188883580188	0.3666188883580188	0.4357851637645759	0.4357851637645759
22_22del,265_266insGA	1	0	6279	2302	0.6333811116419812	0.3666188883580188	0.3666188883580188	0.3666188883580188	0.4357851637645759	0.4357851637645759
22_23insA,225_265del	1	0	6279	2302	0.6333811116419812	0.3666188883580188	0.3666188883580188	0.3666188883580188	0.4357851637645759	0.4357851637645759
22_23insA,76_77insA,131_162del	1	1	6279	2302	1.0	0.0	0.0	0.0	inf	inf
22_23insAA,212_220del,265_266insAAA	1	0	6279	2302	0.6333811116419812	0.3666188883580188	0.3666188883580188	0.3666188883580188	0.4357851637645759	0.4357851637645759
22_23insAG,211_212insA,238_239insGA	1	1	6279	2302	1.0	0.0	0.0	0.0	inf	inf
22_23insG,212_213del,265_266insAA	1	1	6279	2302	1.0	0.0	0.0	0.0	inf	inf
22_23insG,265_266insAAA	1	0	6279	2302	0.6333811116419812	0.3666188883580188	0.3666188883580188	0.3666188883580188	0.4357851637645759	0.4357851637645759
22_23insGA,50_237delinsA,265_266insG	1	0	6279	2302	0.6333811116419812	0.3666188883580188	0.3666188883580188	0.3666188883580188	0.4357851637645759	0.4357851637645759
22_23insGG,50_59del,77_78insGC,157_158insA,212_213del,238_239insG,261_265del	1	0	6279	2302	0.6333811116419812	0.3666188883580188	0.3666188883580188	0.3666188883580188	0.4357851637645759	0.4357851637645759
22_23insT,184_185insTGG	1	0	6279	2302	0.6333811116419812	0.3666188883580188	0.3666188883580188	0.3666188883580188	0.4357851637645759	0.4357851637645759
22_23insT,49_50insG,77_81del,104_157del,212_267del	1	0	6279	2302	0.6333811116419812	0.3666188883580188	0.3666188883580188	0.3666188883580188	0.4357851637645759	0.4357851637645759
227_238del	1	0	6279	2302	0.6333811116419812	0.3666188883580188	0.3666188883580188	0.3666188883580188	0.4357851637645759	0.4357851637645759
23_157del,211_212insAGAAAA,238_239insG,265_266insA	1	0	6279	2302	0.6333811116419812	0.3666188883580188	0.3666188883580188	0.3666188883580188	0.4357851637645759	0.4357851637645759
23_160del,265_266insAA	1	0	6279	2302	0.6333811116419812	0.3666188883580188	0.3666188883580188	0.3666188883580188	0.4357851637645759	0.4357851637645759
23_25del,76_77insGG,238_239insGA	1	1	6279	2302	1.0	0.0	0.0	0.0	inf	inf
23_49del,76_77insGA	1	0	6279	2302	0.6333811116419812	0.3666188883580188	0.3666188883580188	0.3666188883580188	0.4357851637645759	0.4357851637645759
23_76del,101_111del,264_265del	1	0	6279	2302	0.6333811116419812	0.3666188883580188	0.3666188883580188	0.3666188883580188	0.4357851637645759	0.4357851637645759
23_76del,103_104insA,131_136del,157_158insA,184_185insT,265_266insAG	1	0	6279	2302	0.6333811116419812	0.3666188883580188	0.3666188883580188	0.3666188883580188	0.4357851637645759	0.4357851637645759
35_214del,240T>C	1	1	6279	2302	1.0	0.0	0.0	0.0	inf	inf
44_51del	1	1	6279	2302	1.0	0.0	0.0	0.0	inf	inf
49_50insA,158_160del,184_185insGG,240_264delinsAA	1	0	6279	2302	0.6333811116419812	0.3666188883580188	0.3666188883580188	0.3666188883580188	0.4357851637645759	0.4357851637645759
49_50insA,76_77insG,185_193del	1	0	6279	2302	0.6333811116419812	0.3666188883580188	0.3666188883580188	0.3666188883580188	0.4357851637645759	0.4357851637645759
49_50insG,212_213del	1	1	6279	2302	1.0	0.0	0.0	0.0	inf	inf
50_102del	1	0	6279	2302	0.6333811116419812	0.3666188883580188	0.3666188883580188	0.3666188883580188	0.4357851637645759	0.4357851637645759
50_51insTC,76_77insG,158_211del,266_267delinsAA	1	0	6279	2302	0.6333811116419812	0.3666188883580188	0.3666188883580188	0.3666188883580188	0.4357851637645759	0.4357851637645759
50_75delinsA	1	0	6279	2302	0.6333811116419812	0.3666188883580188	0.3666188883580188	0.3666188883580188	0.4357851637645759	0.4357851637645759
51_216del	1	0	6279	2302	0.6333811116419812	0.3666188883580188	0.3666188883580188	0.3666188883580188	0.4357851637645759	0.4357851637645759
76_77insAA,265_266insG	1	0	6279	2302	0.6333811116419812	0.3666188883580188	0.3666188883580188	0.3666188883580188	0.4357851637645759	0.4357851637645759
76_77insG,211_212insAA	1	0	6279	2302	0.6333811116419812	0.3666188883580188	0.3666188883580188	0.3666188883580188	0.4357851637645759	0.4357851637645759
76_77insGA,211_212insAA,237_240delinsG	1	0	6279	2302	0.6333811116419812	0.3666188883580188	0.3666188883580188	0.3666188883580188	0.4357851637645759	0.4357851637645759
76_77insGG,239_240insGA	1	0	6279	2302	0.6333811116419812	0.3666188883580188	0.3666188883580188	0.3666188883580188	0.4357851637645759	0.4357851637645759
77_237del,265_266insAG	1	0	6279	2302	0.6333811116419812	0.3666188883580188	0.3666188883580188	0.3666188883580188	0.4357851637645759	0.4357851637645759
77C>G,148_213del,265_266insGG	1	0	6279	2302	0.6333811116419812	0.3666188883580188	0.3666188883580188	0.3666188883580188	0.4357851637645759	0.4357851637645759
78_211del,238_239insG	1	0	6279	2302	0.6333811116419812	0.3666188883580188	0.3666188883580188	0.3666188883580188	0.4357851637645759	0.4357851637645759
103_104insA,212_213del,265_266insGGA	25	2	6279	2302	0.0012548699712809567	0.998745130028719	0.0012548699712809567	0.0014185982136301163	2.8481405913724953	-2.8481405913724953
4_49del,77_265delinsGG	25	16	6279	2302	0.9985814017863699	0.0014185982136301163	0.0014185982136301163	0.0014185982136301163	2.8481405913724953	2.8481405913724953
103_104insAAAAAA	10	6	6279	2302	0.9662733082920614	0.033726691707938655	0.033726691707938655	0.06745338341587731	1.1709962615296179	1.1709962615296179
22_23insA,49_50insGG,77_212delinsGGCGATG,265_266insG	10	0	6279	2302	0.010347778938954473	0.9896522210610456	0.010347778938954473	0.041391115755817894	1.3830928664220543	-1.3830928664220543
77_82del,211_212insG	10	2	6279	2302	0.22699286935307578	0.7730071306469242	0.22699286935307578	0.28591318484658756	0.543765816750838	-0.543765816750838
52_72delinsTGTGCGTACAGTCGCG,75_82delinsTCCAT,88_106delinsACGAGCGCGCTC,114_122delinsCATAGTCGTG,127_131delinsTATCG,141_146delinsCATAGTCGCTCATA,154_167delinsCGACTCCATCGTA,177_182delinsGTCGACTCCAT,212_264delinsGA	10	4	6279	2302	0.7140868151534124	0.28591318484658756	0.28591318484658756	0.28591318484658756	0.543765816750838	0.543765816750838
124_130del	5	5	6279	2302	1.0	0.0	0.0	0.0	inf	inf
13_85del,103_104insG,252_265delinsGCGT	5	0	6279	2302	0.10184153566157048	0.8981584643384295	0.10184153566157048	0.12730191957696307	0.8951650476000975	-0.8951650476000975
157_158insGAA,265_266insA	5	1	6279	2302	0.39688207818980503	0.603117921810195	0.39688207818980503	0.39688207818980503	0.4013385118739025	-0.4013385118739025
24_35del,74_79del,212_265del	5	0	6279	2302	0.10184153566157048	0.8981584643384295	0.10184153566157048	0.12730191957696307	0.8951650476000975	-0.8951650476000975
49_211del,238_239insG,265_266insGG	5	0	6279	2302	0.10184153566157048	0.8981584643384295	0.10184153566157048	0.12730191957696307	0.8951650476000975	-0.8951650476000975
77_82del,211_212insA	5	1	6279	2302	0.39688207818980503	0.603117921810195	0.39688207818980503	0.39688207818980503	0.4013385118739025	-0.4013385118739025
205_258del,265_266insAG	5	2	6279	2302	0.738547044650534	0.26145295534946594	0.26145295534946594	0.30167648694169147	0.5204585379835072	0.5204585379835072
22_23insG,76_77insG,131_184del,211_212insA,265_266insGG	5	5	6279	2302	1.0	0.0	0.0	0.0	inf	inf
23_130del,157_158insG,211_212insA,238_239insG,265_265del	5	4	6279	2302	0.9933949184889904	0.006605081511009527	0.006605081511009527	0.024769055666285726	1.6060905508117846	1.6060905508117846
23_184del,239_240insGA	5	0	6279	2302	0.10184153566157048	0.8981584643384295	0.10184153566157048	0.12730191957696307	0.8951650476000975	-0.8951650476000975
23_74del,103_211delinsCTATGAGCGCTATGAGCGAGGA,239_244del	5	3	6279	2302	0.936239981219006	0.06376001878099406	0.06376001878099406	0.11955003521436387	0.9224502916234748	0.9224502916234748
24_35del,76_77insG,185_211del,243_270del	5	3	6279	2302	0.936239981219006	0.06376001878099406	0.06376001878099406	0.11955003521436387	0.9224502916234748	0.9224502916234748
50_51insC,184_185insGG	5	4	6279	2302	0.9933949184889904	0.006605081511009527	0.006605081511009527	0.024769055666285726	1.6060905508117846	1.6060905508117846
76_77insA,103_104insG,212_265del	5	3	6279	2302	0.936239981219006	0.06376001878099406	0.06376001878099406	0.11955003521436387	0.9224502916234748	0.9224502916234748
76_77insG,157_158insGG,173_184del	5	3	6279	2302	0.936239981219006	0.06376001878099406	0.06376001878099406	0.11955003521436387	0.9224502916234748	0.9224502916234748
13_239del,266_266del	6	0	6279	2302	0.06447474970477494	0.935525250295225	0.06447474970477494	0.2364074155841748	0.6263389047079738	-0.6263389047079738
21_22del,265_266insA	6	1	6279	2302	0.28867546544554823	0.7113245345544518	0.28867546544554823	0.31754301199010304	0.49819744012072076	-0.49819744012072076
22_23insA,49_50insAAAAAA,76_77insA,265_266insAG	6	3	6279	2302	0.8637987856227488	0.13620121437725116	0.13620121437725116	0.2497022263582938	0.6025775854387552	0.6025775854387552
23_191del,238_240del,266_268del	6	1	6279	2302	0.28867546544554823	0.7113245345544518	0.28867546544554823	0.31754301199010304	0.49819744012072076	-0.49819744012072076
76_76del,103_104insA	6	0	6279	2302	0.06447474970477494	0.935525250295225	0.06447474970477494	0.2364074155841748	0.6263389047079738	-0.6263389047079738
76_77insA,103_104insA,157_158insA,265_266insA	6	2	6279	2302	0.6132953036783191	0.38670469632168086	0.38670469632168086	0.38670469632168086	0.41262055362073763	0.41262055362073763
22_23insAA,104_238del	6	3	6279	2302	0.8637987856227488	0.13620121437725116	0.13620121437725116	0.2497022263582938	0.6025775854387552	0.6025775854387552
22_23insAA,126_179del,202_214del,239_240insA	6	4	6279	2302	0.9724605790171345	0.02753942098286551	0.02753942098286551	0.2364074155841748	0.6263389047079738	0.6263389047079738
23_160del,185_267del	6	1	6279	2302	0.28867546544554823	0.7113245345544518	0.28867546544554823	0.31754301199010304	0.49819744012072076	-0.49819744012072076
76_77insGA,158_211del,265_266insGG	6	3	6279	2302	0.8637987856227488	0.13620121437725116	0.13620121437725116	0.2497022263582938	0.6025775854387552	0.6025775854387552
76_77insGGA,265_266insGGAAAAA	6	1	6279	2302	0.28867546544554823	0.7113245345544518	0.28867546544554823	0.31754301199010304	0.49819744012072076	-0.49819744012072076
131_157del,202_256del	2	0	6279	2302	0.40113464477357713	0.5988653552264229	0.40113464477357713	0.40113464477357713	0.3967098277111165	-0.3967098277111165
180_260del	2	0	6279	2302	0.40113464477357713	0.5988653552264229	0.40113464477357713	0.40113464477357713	0.3967098277111165	-0.3967098277111165
20_23del,33_80del,104_157del,184G>A,197_268del	2	0	6279	2302	0.40113464477357713	0.5988653552264229	0.40113464477357713	0.40113464477357713	0.3967098277111165	-0.3967098277111165
212_238del,265_266insA	2	0	6279	2302	0.40113464477357713	0.5988653552264229	0.40113464477357713	0.40113464477357713	0.3967098277111165	-0.3967098277111165
214_257del,264_265del	2	0	6279	2302	0.40113464477357713	0.5988653552264229	0.40113464477357713	0.40113464477357713	0.3967098277111165	-0.3967098277111165
22_23insA,76_76del,265_266insAG	2	0	6279	2302	0.40113464477357713	0.5988653552264229	0.40113464477357713	0.40113464477357713	0.3967098277111165	-0.3967098277111165
22_23insG,158_263del	2	0	6279	2302	0.40113464477357713	0.5988653552264229	0.40113464477357713	0.40113464477357713	0.3967098277111165	-0.3967098277111165
23_211del,241_251del,265_266insA	2	0	6279	2302	0.40113464477357713	0.5988653552264229	0.40113464477357713	0.40113464477357713	0.3967098277111165	-0.3967098277111165
239_239del,265_266insAG	2	0	6279	2302	0.40113464477357713	0.5988653552264229	0.40113464477357713	0.40113464477357713	0.3967098277111165	-0.3967098277111165
25_43delinsTGTA,51G>T,60_81delinsCATCGCGTGTGCGTACAGTCGC,88_152delinsT,160_209delinsCCAT,237_238del	2	0	6279	2302	0.40113464477357713	0.5988653552264229	0.40113464477357713	0.40113464477357713	0.3967098277111165	-0.3967098277111165
49_50insAA,265_266insG	2	2	6279	2302	1.0	0.0	0.0	0.0	inf	inf
49_50insG,158_159del	2	1	6279	2302	0.8656275785103853	0.1343724214896147	0.1343724214896147	0.3426496747985175	0.46514967602600105	0.46514967602600105
49_50insGAAAA,265_266insAG	2	1	6279	2302	0.8656275785103853	0.1343724214896147	0.1343724214896147	0.3426496747985175	0.46514967602600105	0.46514967602600105
76_77insAAG,265_266insA	2	0	6279	2302	0.40113464477357713	0.5988653552264229	0.40113464477357713	0.40113464477357713	0.3967098277111165	-0.3967098277111165
76_77insAG,130_131insA,265_266insA	2	0	6279	2302	0.40113464477357713	0.5988653552264229	0.40113464477357713	0.40113464477357713	0.3967098277111165	-0.3967098277111165
76_77insGA,130_131insA	2	0	6279	2302	0.40113464477357713	0.5988653552264229	0.40113464477357713	0.40113464477357713	0.3967098277111165	-0.3967098277111165
76_77insGAG	2	0	6279	2302	0.40113464477357713	0.5988653552264229	0.40113464477357713	0.40113464477357713	0.3967098277111165	-0.3967098277111165
76_77insGG,103_104insA,265_266insA	2	2	6279	2302	1.0	0.0	0.0	0.0	inf	inf
77_78insC,95_266del	2	0	6279	2302	0.40113464477357713	0.5988653552264229	0.40113464477357713	0.40113464477357713	0.3967098277111165	-0.3967098277111165
77_82del,103_104insT	2	1	6279	2302	0.8656275785103853	0.1343724214896147	0.1343724214896147	0.3426496747985175	0.46514967602600105	0.46514967602600105
77_82del,157_158insA,265_266insGG	2	0	6279	2302	0.40113464477357713	0.5988653552264229	0.40113464477357713	0.40113464477357713	0.3967098277111165	-0.3967098277111165
77_82del,265_266insAA	2	0	6279	2302	0.40113464477357713	0.5988653552264229	0.40113464477357713	0.40113464477357713	0.3967098277111165	-0.3967098277111165
77C>G,150_213del,238_239insGG,265_266insA	2	0	6279	2302	0.40113464477357713	0.5988653552264229	0.40113464477357713	0.40113464477357713	0.3967098277111165	-0.3967098277111165
104_157del,265_266insGG	2	1	6279	2302	0.8656275785103853	0.1343724214896147	0.1343724214896147	0.3426496747985175	0.46514967602600105	0.46514967602600105
130_131insGA,265_266insG	2	0	6279	2302	0.40113464477357713	0.5988653552264229	0.40113464477357713	0.40113464477357713	0.3967098277111165	-0.3967098277111165
158_211del,239_240insA	2	2	6279	2302	1.0	0.0	0.0	0.0	inf	inf
160_186del,265_266insGGAAA	2	1	6279	2302	0.8656275785103853	0.1343724214896147	0.1343724214896147	0.3426496747985175	0.46514967602600105	0.46514967602600105
170_184del,222_243del,265_265del	2	0	6279	2302	0.40113464477357713	0.5988653552264229	0.40113464477357713	0.40113464477357713	0.3967098277111165	-0.3967098277111165
184_185insG,265_266insGA	2	0	6279	2302	0.40113464477357713	0.5988653552264229	0.40113464477357713	0.40113464477357713	0.3967098277111165	-0.3967098277111165
185_195del,211_212insG	2	0	6279	2302	0.40113464477357713	0.5988653552264229	0.40113464477357713	0.40113464477357713	0.3967098277111165	-0.3967098277111165
22_22del,109_130del,157_158insTG,227_238del	2	1	6279	2302	0.8656275785103853	0.1343724214896147	0.1343724214896147	0.3426496747985175	0.46514967602600105	0.46514967602600105
22_23insAA,41_58delinsACGACACGACACGACA,77_237delinsGT,265_266insG	2	0	6279	2302	0.40113464477357713	0.5988653552264229	0.40113464477357713	0.40113464477357713	0.3967098277111165	-0.3967098277111165
22_23insGAAA,49_50insAG,76_77insAG,160_238del,265_266insGA	2	0	6279	2302	0.40113464477357713	0.5988653552264229	0.40113464477357713	0.40113464477357713	0.3967098277111165	-0.3967098277111165
23_49delinsG,62_187del,211_212insA	2	1	6279	2302	0.8656275785103853	0.1343724214896147	0.1343724214896147	0.3426496747985175	0.46514967602600105	0.46514967602600105
23_76del,237_237delinsAA	2	2	6279	2302	1.0	0.0	0.0	0.0	inf	inf
49_49del,104_184delinsGA,197_236del	2	0	6279	2302	0.40113464477357713	0.5988653552264229	0.40113464477357713	0.40113464477357713	0.3967098277111165	-0.3967098277111165
49_49del,77_155del,239_240insGA	2	2	6279	2302	1.0	0.0	0.0	0.0	inf	inf
49_50insG,76_77insAG,211_212insA	2	0	6279	2302	0.40113464477357713	0.5988653552264229	0.40113464477357713	0.40113464477357713	0.3967098277111165	-0.3967098277111165
49_50insGG,72_266del	2	0	6279	2302	0.40113464477357713	0.5988653552264229	0.40113464477357713	0.40113464477357713	0.3967098277111165	-0.3967098277111165
49_50insGG,76_77insGA,154_261del	2	0	6279	2302	0.40113464477357713	0.5988653552264229	0.40113464477357713	0.40113464477357713	0.3967098277111165	-0.3967098277111165
49_50insT,238_239insG	2	2	6279	2302	1.0	0.0	0.0	0.0	inf	inf
50_52del,211_211del,265_266insA	2	2	6279	2302	1.0	0.0	0.0	0.0	inf	inf
50_52delinsTCTGCGTGCTACGTATCGACTCCATATCGTCAGCGTC,64_71delinsCCATCGCGTG,76_84delinsCATACTATCGACTCCA,90_109delinsTGTGCGTACAGTCGCGACTCCAT,116_125delinsCGA,128_133delinsGCGCTC,155_163delinsATCGTATCGACTCCAT,170_180delinsTCATAGCG,182_192delinsTCGCGACTCCA,198_214delinsCGTAGCGAC,224_265delinsCTCCAT	2	2	6279	2302	1.0	0.0	0.0	0.0	inf	inf
74_106del,157_158insTA,232_254del	2	1	6279	2302	0.8656275785103853	0.1343724214896147	0.1343724214896147	0.3426496747985175	0.46514967602600105	0.46514967602600105
76_77insA,104_105del,157_158insG,211_212insA	2	1	6279	2302	0.8656275785103853	0.1343724214896147	0.1343724214896147	0.3426496747985175	0.46514967602600105	0.46514967602600105
76_77insA,156_157insG	2	2	6279	2302	1.0	0.0	0.0	0.0	inf	inf
76_77insAA,265_266insGA	2	0	6279	2302	0.40113464477357713	0.5988653552264229	0.40113464477357713	0.40113464477357713	0.3967098277111165	-0.3967098277111165
76_77insGA,208_211delinsA,259_264delinsGGAC	2	2	6279	2302	1.0	0.0	0.0	0.0	inf	inf
76_77insGGAA,213_237delinsT,266_267insC	2	0	6279	2302	0.40113464477357713	0.5988653552264229	0.40113464477357713	0.40113464477357713	0.3967098277111165	-0.3967098277111165
77_132delinsTCG,158_186delinsGACT,266_268del	2	0	6279	2302	0.40113464477357713	0.5988653552264229	0.40113464477357713	0.40113464477357713	0.3967098277111165	-0.3967098277111165
77_238delinsA,265_266insG	2	1	6279	2302	0.8656275785103853	0.1343724214896147	0.1343724214896147	0.3426496747985175	0.46514967602600105	0.46514967602600105
14_49del,76_77delinsCG,265_266insT	9	7	6279	2302	0.9980329841301034	0.00196701586989652	0.00196701586989652	0.009835079349482601	2.0072221318398737	2.0072221318398737
22_23insA,49_50insAG,76_77insAG,139_265del	9	0	6279	2302	0.016350951095575748	0.9836490489044243	0.016350951095575748	0.027251585159292914	1.5646082307850848	-1.5646082307850848
130_131insA,157_158insG,185_238del	9	3	6279	2302	0.5670035452450757	0.43299645475492426	0.43299645475492426	0.43299645475492426	0.3635156595050101	0.3635156595050101
76_77insGGAA,227_243del	9	1	6279	2302	0.10170217427474891	0.8982978257252511	0.10170217427474891	0.12712771784343613	0.895759749256694	-0.895759749256694
78_219delinsA,238_239insG,265_266insA	9	0	6279	2302	0.016350951095575748	0.9836490489044243	0.016350951095575748	0.027251585159292914	1.5646082307850848	-1.5646082307850848
157_158insG,184_185insGC,239_240insA,265_266insA	4	1	6279	2302	0.5335480647740968	0.4664519352259032	0.4664519352259032	0.4664519352259032	0.3311931007740825	0.3311931007740825
22_23insA,239_240insA,265_266insA	4	2	6279	2302	0.8571628065916171	0.14283719340838283	0.14283719340838283	0.19148767162763977	0.7178591815723226	0.7178591815723226
22_23insAG,76_77insA,128_150del,162_270del	4	0	6279	2302	0.1608496441672174	0.8391503558327826	0.1608496441672174	0.19148767162763977	0.7178591815723226	-0.7178591815723226
22_23insG,158_159del	4	1	6279	2302	0.5335480647740968	0.4664519352259032	0.4664519352259032	0.4664519352259032	0.3311931007740825	0.3311931007740825
22_23insG,49_49del,77_240delinsG,265_266insA	4	0	6279	2302	0.1608496441672174	0.8391503558327826	0.1608496441672174	0.19148767162763977	0.7178591815723226	-0.7178591815723226
22_23insG,49_50insA,76_77insGA	4	2	6279	2302	0.8571628065916171	0.14283719340838283	0.14283719340838283	0.19148767162763977	0.7178591815723226	0.7178591815723226
23_76delinsG,104_237del,265_266insA	4	0	6279	2302	0.1608496441672174	0.8391503558327826	0.1608496441672174	0.19148767162763977	0.7178591815723226	-0.7178591815723226
49_50insAG,77_130delinsAAAAA,211_212insGA,265_266insAA	4	3	6279	2302	0.9819639310349936	0.01803606896500643	0.01803606896500643	0.07515028735419346	1.1240693544503002	1.1240693544503002
52_211del,265_266insA	4	0	6279	2302	0.1608496441672174	0.8391503558327826	0.1608496441672174	0.19148767162763977	0.7178591815723226	-0.7178591815723226
76_77insG,265_266insTG	4	4	6279	2302	1.0	0.0	0.0	0.0	inf	inf
19_217del,265_266insGA	4	0	6279	2302	0.1608496441672174	0.8391503558327826	0.1608496441672174	0.19148767162763977	0.7178591815723226	-0.7178591815723226
19_28del,77_130del,184_184del,238_239insG,265_266insA	4	1	6279	2302	0.5335480647740968	0.4664519352259032	0.4664519352259032	0.4664519352259032	0.3311931007740825	0.3311931007740825
22_23insA,211_212insGAA	4	4	6279	2302	1.0	0.0	0.0	0.0	inf	inf
22_23insAAA,49_50insG,99_265del	4	0	6279	2302	0.1608496441672174	0.8391503558327826	0.1608496441672174	0.19148767162763977	0.7178591815723226	-0.7178591815723226
22_23insG,49_50insGG,103_104insA,265_266insGGAA	4	4	6279	2302	1.0	0.0	0.0	0.0	inf	inf
22_23insGG,49_49del,239A>C,265_266insA	4	2	6279	2302	0.8571628065916171	0.14283719340838283	0.14283719340838283	0.19148767162763977	0.7178591815723226	0.7178591815723226
23_142del,157_179delinsCGACTGTATGT,181_194delinsT,202_214del,265_266insA	4	0	6279	2302	0.1608496441672174	0.8391503558327826	0.1608496441672174	0.19148767162763977	0.7178591815723226	-0.7178591815723226
23_43delinsAGCGTGTA,51G>T,60_72delinsCATCGCGTGTGCGTACAGTCGCG,75_82delinsTCCAT,88_106delinsACGAGCGCGCTC,114_123delinsCATA,128_131delinsGCGCGTATCG,141_146delinsCATAGTCGCTCATA,154_167delinsCGACTCCATCGTCGTA,177_187delinsG,195_216delinsCATCGTATGCGC,223_265delinsTGTCGACTCCATCG	4	0	6279	2302	0.1608496441672174	0.8391503558327826	0.1608496441672174	0.19148767162763977	0.7178591815723226	-0.7178591815723226
23_49delinsG,60_110del,156_158del,266_266delinsAGCGATGGAGTCGACTACAGTCGCTACGA	4	2	6279	2302	0.8571628065916171	0.14283719340838283	0.14283719340838283	0.19148767162763977	0.7178591815723226	0.7178591815723226
37_263del	4	0	6279	2302	0.1608496441672174	0.8391503558327826	0.1608496441672174	0.19148767162763977	0.7178591815723226	-0.7178591815723226
58_269del	4	4	6279	2302	1.0	0.0	0.0	0.0	inf	inf
76_77insAG,131_238del,266_269del	4	0	6279	2302	0.1608496441672174	0.8391503558327826	0.1608496441672174	0.19148767162763977	0.7178591815723226	-0.7178591815723226
76_77insGG,109_221del,238_239insG	4	1	6279	2302	0.5335480647740968	0.4664519352259032	0.4664519352259032	0.4664519352259032	0.3311931007740825	0.3311931007740825
76_77insGG,133_191del,212_217del,266_267del	4	4	6279	2302	1.0	0.0	0.0	0.0	inf	inf
91_264del	4	0	6279	2302	0.1608496441672174	0.8391503558327826	0.1608496441672174	0.19148767162763977	0.7178591815723226	-0.7178591815723226
2_150del,185_186del,264_268del	3	0	6279	2302	0.2540242493189372	0.7459757506810628	0.2540242493189372	0.2650687818980214	0.5766414176753252	-0.5766414176753252
22_23insAG,50_75del,157_158insAAAA,211_212insA,265_266insAA	3	0	6279	2302	0.2540242493189372	0.7459757506810628	0.2540242493189372	0.2650687818980214	0.5766414176753252	-0.5766414176753252
22_23insAG,50_75del,211_212insA,265_266insAA	3	2	6279	2302	0.9507636499241494	0.04923635007585053	0.04923635007585053	0.1688103431172018	0.7726009473957249	0.7726009473957249
22_23insGA,77_82del	3	0	6279	2302	0.2540242493189372	0.7459757506810628	0.2540242493189372	0.2650687818980214	0.5766414176753252	-0.5766414176753252
23_112del,158_210delinsA,238_239insG,265_266insA	3	0	6279	2302	0.2540242493189372	0.7459757506810628	0.2540242493189372	0.2650687818980214	0.5766414176753252	-0.5766414176753252
23_23del,77_78delinsAAAA	3	0	6279	2302	0.2540242493189372	0.7459757506810628	0.2540242493189372	0.2650687818980214	0.5766414176753252	-0.5766414176753252
23_77del,104_123delinsATGT,127_163delinsTAC,174_180delinsCCATAGCTCGACGAG,182_187delinsGCGCTC,195_265delinsCATAG	3	0	6279	2302	0.2540242493189372	0.7459757506810628	0.2540242493189372	0.2650687818980214	0.5766414176753252	-0.5766414176753252
39_244delinsT,265_266insA	3	0	6279	2302	0.2540242493189372	0.7459757506810628	0.2540242493189372	0.2650687818980214	0.5766414176753252	-0.5766414176753252
41_53del,76_77insG,265_266insGG	3	0	6279	2302	0.2540242493189372	0.7459757506810628	0.2540242493189372	0.2650687818980214	0.5766414176753252	-0.5766414176753252
49_50insA,265_266insGAA	3	0	6279	2302	0.2540242493189372	0.7459757506810628	0.2540242493189372	0.2650687818980214	0.5766414176753252	-0.5766414176753252
55_184del,265_266insAGGAA	3	0	6279	2302	0.2540242493189372	0.7459757506810628	0.2540242493189372	0.2650687818980214	0.5766414176753252	-0.5766414176753252
76_77insGAA,131_132insC,157_158insG,265_266insA	3	2	6279	2302	0.9507636499241494	0.04923635007585053	0.04923635007585053	0.1688103431172018	0.7726009473957249	0.7726009473957249
77_78insAC,239_240insGA	3	2	6279	2302	0.9507636499241494	0.04923635007585053	0.04923635007585053	0.1688103431172018	0.7726009473957249	0.7726009473957249
77_82del,211_212insAG	3	3	6279	2302	1.0	0.0	0.0	0.0	inf	inf
151_187del,256_265del	3	3	6279	2302	1.0	0.0	0.0	0.0	inf	inf
16_136delinsT,171_205del,222_243del	3	0	6279	2302	0.2540242493189372	0.7459757506810628	0.2540242493189372	0.2650687818980214	0.5766414176753252	-0.5766414176753252
190_212del,265_266insG	3	0	6279	2302	0.2540242493189372	0.7459757506810628	0.2540242493189372	0.2650687818980214	0.5766414176753252	-0.5766414176753252
211_212insAG,265_265del	3	2	6279	2302	0.9507636499241494	0.04923635007585053	0.04923635007585053	0.1688103431172018	0.7726009473957249	0.7726009473957249
212_219del	3	2	6279	2302	0.9507636499241494	0.04923635007585053	0.04923635007585053	0.1688103431172018	0.7726009473957249	0.7726009473957249
22_23insA,163_238del,266_269delinsG	3	0	6279	2302	0.2540242493189372	0.7459757506810628	0.2540242493189372	0.2650687818980214	0.5766414176753252	-0.5766414176753252
22_23insAA,76_77insAA,103_104insGG,131_237del	3	0	6279	2302	0.2540242493189372	0.7459757506810628	0.2540242493189372	0.2650687818980214	0.5766414176753252	-0.5766414176753252
239_240insA,265_266insAG	3	0	6279	2302	0.2540242493189372	0.7459757506810628	0.2540242493189372	0.2650687818980214	0.5766414176753252	-0.5766414176753252
47_212del,265_266insGT	3	1	6279	2302	0.6953554356828571	0.304644564317143	0.304644564317143	0.304644564317143	0.5162065664583716	0.5162065664583716
49_50insG,76_77insGA	3	0	6279	2302	0.2540242493189372	0.7459757506810628	0.2540242493189372	0.2650687818980214	0.5766414176753252	-0.5766414176753252
211_212insAA,250_265del	29	16	6279	2302	0.9869632194463928	0.013036780553607193	0.013036780553607193	0.026073561107214385	1.5837996491694832	1.5837996491694832
184_185insTGG	29	10	6279	2302	0.4866196004323421	0.5133803995676579	0.4866196004323421	0.4866196004323421	0.31281040221125633	-0.31281040221125633
22_23insA,50_213delinsAATATT,265_266insAG	57	2	6279	2302	2.495022099865129e-09	0.9999999975049779	2.495022099865129e-09	2.495022099865129e-09	8.60292560322417	-8.60292560322417
22_23insAA,49_50insGA,77_264del	12	0	6279	2302	0.0041431894768201106	0.9958568105231799	0.0041431894768201106	0.010357973692050276	1.984725196370056	-1.984725196370056
22_23insAC,90_104del,157_158insG,265_266insA	12	2	6279	2302	0.1250644850324568	0.8749355149675432	0.1250644850324568	0.1250644850324568	0.902866000811911	-0.902866000811911
22_23insG,77_77del	12	1	6279	2302	0.03300135037134325	0.9669986496286568	0.03300135037134325	0.04125168796417906	1.384558275998172	-1.384558275998172
5_217del,266_267insC	12	0	6279	2302	0.0041431894768201106	0.9958568105231799	0.0041431894768201106	0.010357973692050276	1.984725196370056	-1.984725196370056
157_158insA,187_238del,265_266insG	12	8	6279	2302	0.9920733146943626	0.00792668530563745	0.00792668530563745	0.013211142176062418	1.8790596336104597	1.8790596336104597
22_23insAAAA,76_76del,104_105insC,157_158insGG,207_225del,265_266insA	26	16	6279	2302	0.9972938715098352	0.002706128490164881	0.002706128490164881	0.002706128490164881	2.5676515864358165	2.5676515864358165
23_238delinsAT	7	0	6279	2302	0.04081447968717699	0.959185520312823	0.04081447968717699	0.10611764718666017	0.97421238764917	-0.97421238764917
23_24insAC,40_216delinsGAC,266_268del	7	0	6279	2302	0.04081447968717699	0.959185520312823	0.04081447968717699	0.10611764718666017	0.97421238764917	-0.97421238764917
50_51insC,185_186del	7	4	6279	2302	0.9326542979362644	0.06734570206373561	0.06734570206373561	0.14591568780476047	0.8358980133788011	0.8358980133788011
76_77insGA,184_185insG,265_266insA	7	3	6279	2302	0.7719914358713947	0.22800856412860523	0.22800856412860523	0.2964111333671868	0.5281054880438314	0.5281054880438314
76_77insTA,211_212insAG,265_266insA	7	2	6279	2302	0.49427320453351253	0.5057267954664875	0.49427320453351253	0.49427320453351253	0.3060329328098379	-0.3060329328098379
77_82del,238_239insG	7	2	6279	2302	0.49427320453351253	0.5057267954664875	0.49427320453351253	0.49427320453351253	0.3060329328098379	-0.3060329328098379
77_82del,265_266insT	7	0	6279	2302	0.04081447968717699	0.959185520312823	0.04081447968717699	0.10611764718666017	0.97421238764917	-0.97421238764917
77_83del,239_239del,265_266insGG	7	2	6279	2302	0.49427320453351253	0.5057267954664875	0.49427320453351253	0.49427320453351253	0.3060329328098379	-0.3060329328098379
131_211del,241_251del,266_268del	7	3	6279	2302	0.7719914358713947	0.22800856412860523	0.22800856412860523	0.2964111333671868	0.5281054880438314	0.5281054880438314
22_23insA,76_77insA,128_150del,265_266insGT	7	3	6279	2302	0.7719914358713947	0.22800856412860523	0.22800856412860523	0.2964111333671868	0.5281054880438314	0.5281054880438314
49_50insGG,75_76del,131_211del,265_266insG	7	0	6279	2302	0.04081447968717699	0.959185520312823	0.04081447968717699	0.10611764718666017	0.97421238764917	-0.97421238764917
51_51delinsCGTGTACGCATACT,60_72delinsCATCGCGTGTGCGTACAGTCGCG,75_106delinsTCCATAGTTCGACGAGCGCGCTC,127_131delinsTATCG,141_146delinsCATAGTCGCTCATA,154_167delinsCGACTCCATCGTTCGTA,177_187delinsG,195_209delinsCAT,241_251del,265_266insGGAA	7	3	6279	2302	0.7719914358713947	0.22800856412860523	0.22800856412860523	0.2964111333671868	0.5281054880438314	0.5281054880438314
77_78insC,265_266insAA	7	6	6279	2302	0.9991149022056749	0.0008850977943251405	0.0008850977943251405	0.011506271326226827	1.9390653892107652	1.9390653892107652
23_99del,104_130del,156_157insG,212_213del,238_239insC,265_266insA	54	39	6279	2302	0.9999999783052337	2.1694766301280763e-08	2.1694766301280763e-08	2.1694766301280763e-08	7.6636450237837135	7.6636450237837135
49_50insAA,76_77insAA	13	10	6279	2302	0.9994527425076096	0.0005472574923903434	0.0005472574923903434	0.0016417724771710304	2.7846870291627837	2.7846870291627837
49_50insG,239_240insA,265_266insGAA	13	9	6279	2302	0.9962898880641945	0.003710111935805536	0.003710111935805536	0.003710111935805536	2.4306129873204463	2.4306129873204463
23_24insC,77_213delinsAAAA,265_266insGG	13	0	6279	2302	0.00262130944241132	0.9973786905575887	0.00262130944241132	0.003710111935805536	2.4306129873204463	-2.4306129873204463
49_50insATA	14	1	6279	2302	0.015140509310525133	0.9848594906894749	0.015140509310525133	0.030281018621050267	1.5188295197247859	-1.5188295197247859
77_82del,265_266insGG	14	3	6279	2302	0.1839703384230501	0.8160296615769499	0.1839703384230501	0.1839703384230501	0.7352521927383469	-0.7352521927383469
50_213delinsAATATT,265_266insAG	99	4	6279	2302	7.353143184167975e-15	0.9999999999999927	7.353143184167975e-15	7.353143184167975e-15	14.133526977141464	-14.133526977141464
51_214del	47	17	6279	2302	0.5378021937525063	0.46219780624749374	0.46219780624749374	0.46219780624749374	0.3351721201655835	0.3351721201655835
175_265del	47	20	6279	2302	0.8398005617016208	0.16019943829837927	0.16019943829837927	0.32039887659675853	0.49430901533650173	0.49430901533650173
52_232del,265_266insA	257	73	6279	2302	0.0027050788553287914	0.9972949211446712	0.0027050788553287914	0.0027050788553287914	2.567820070322661	-2.567820070322661
76_76del,103_104insA,265_266insA	22	5	6279	2302	0.12613565927985346	0.8738643407201465	0.12613565927985346	0.2522713185597069	0.5981321228447531	-0.5981321228447531
159_226del,265_266insA	22	7	6279	2302	0.40870996551271754	0.5912900344872825	0.40870996551271754	0.40870996551271754	0.388584772823229	-0.388584772823229
77_238delinsAT	30	4	6279	2302	0.004444237648244075	0.9955557623517559	0.004444237648244075	0.004444237648244075	2.35220272593245	-2.35220272593245
77_241delinsG,265_266insT	19	0	6279	2302	0.0001677929145018358	0.9998322070854981	0.0001677929145018358	0.00020598975095907182	3.6861543874592475	-3.6861543874592475
76_77insG,185_194del,233_267del	19	14	6279	2302	0.9997940102490409	0.00020598975095907182	0.00020598975095907182	0.00020598975095907182	3.6861543874592475	3.6861543874592475
77_269delinsA	271	139	6279	2302	0.9999998118088541	1.8819114604553707e-07	1.8819114604553707e-07	1.8819114604553707e-07	6.725400812970501	6.725400812970501
77_82del,211_212insA,265_266insA	21	3	6279	2302	0.023177179295545393	0.9768228207044546	0.023177179295545393	0.03476576894331809	1.45884816052123	-1.45884816052123
227_238del,265_266insG	21	8	6279	2302	0.6479303767202549	0.3520696232797451	0.3520696232797451	0.3520696232797451	0.45337144443022326	0.45337144443022326
23_130del,177_201del,212_265del	21	0	6279	2302	6.707121489725304e-05	0.9999329287851028	6.707121489725304e-05	0.00020121364469175912	3.6963425722571976	-3.6963425722571976
77_82del,238_239insG,265_266insA	15	1	6279	2302	0.010188781094533752	0.9898112189054662	0.010188781094533752	0.010188781094533752	1.9918777684549234	-1.9918777684549234
12_146del,154_216del	226	80	6279	2302	0.3722383132068784	0.6277616867931216	0.3722383132068784	0.3722383132068784	0.4291789284701808	-0.4291789284701808
131_186del,238_239insG	20	12	6279	2302	0.9907065228909369	0.009293477109063142	0.009293477109063142	0.009293477109063142	2.0318217664425697	2.0318217664425697
19_262delinsG	636	156	6279	2302	4.1409707148788825e-12	0.9999999999958591	4.1409707148788825e-12	4.1409707148788825e-12	11.382897840835819	-11.382897840835819
21_240delinsCG,266_267insC	82	48	6279	2302	0.9999840221828039	1.5977817196056765e-05	1.5977817196056765e-05	1.5977817196056765e-05	4.796482551959364	4.796482551959364
22_23insAA,131_237del	17	12	6279	2302	0.9990323067357374	0.00096769326426256	0.00096769326426256	0.00096769326426256	3.0142622818948284	3.0142622818948284
22_23insAG,77_211delinsAGAA	75	46	6279	2302	0.9999962077039174	3.792296082677294e-06	3.792296082677294e-06	3.792296082677294e-06	5.421097762564694	5.421097762564694
22_23insAGA,50_211del,238_239insG,265_266insAG	31	8	6279	2302	0.14147450896208902	0.858525491037911	0.14147450896208902	0.14147450896208902	0.8493218047644332	-0.8493218047644332
22_23insGAA,43_56del,72_258del	114	63	6279	2302	0.9999847226026038	1.527739739612667e-05	1.527739739612667e-05	1.527739739612667e-05	4.815950624344882	4.815950624344882
22_23insGAAA,76_77insG,104_263del	221	103	6279	2302	0.9991899126184792	0.0008100873815208989	0.0008100873815208989	0.0008100873815208989	3.0914681326453777	3.0914681326453777
23_157del,211_212insAG,237_238del,265_266insA	71	43	6279	2302	0.9999882744146851	1.1725585314939165e-05	1.1725585314939165e-05	1.1725585314939165e-05	4.930865469064596	4.930865469064596
23_184del,239_240insA,265_266insA	27	10	6279	2302	0.6013286131921762	0.3986713868078238	0.3986713868078238	0.3986713868078238	0.39938493312967077	0.39938493312967077
23_255delinsAATGG	124	122	6279	2302	1.0	2.426991239647268e-53	2.426991239647268e-53	2.426991239647268e-53	52.614931791274046	52.614931791274046
23_76del,157_158insA	16	8	6279	2302	0.9123782813672436	0.08762171863275635	0.08762171863275635	0.08762171863275635	1.0573882327213848	1.0573882327213848
49_50insGG,130_131insG,157_158insA,185_265del	16	11	6279	2302	0.9979488163439826	0.002051183656017377	0.002051183656017377	0.004102367312034754	2.386965456973965	2.386965456973965
42_63del,76_77insAGA,104_256del	11	0	6279	2302	0.006548036218030372	0.9934519637819696	0.006548036218030372	0.006548036218030372	2.183888927114825	-2.183888927114825
46_219del,265_266insA	84	63	6279	2302	0.9999999999998761	1.2394280671858798e-13	1.2394280671858798e-13	1.2394280671858798e-13	12.906778673358252	12.906778673358252
49_50insA,77_237delinsAG,264_265del	691	199	6279	2302	2.40853840251309e-06	0.9999975914615976	2.40853840251309e-06	2.40853840251309e-06	5.618246424763055	-5.618246424763055
49_50insG,75_77delinsT,101_266del	45	29	6279	2302	0.9999602436322056	3.9756367794380635e-05	3.9756367794380635e-05	3.9756367794380635e-05	4.40059330030376	4.40059330030376
55_176delinsCTATGG,200_266del	370	137	6279	2302	0.583162974215437	0.41683702578456305	0.41683702578456305	0.41683702578456305	0.38003371154216675	0.38003371154216675
76_87del,111_253del	223	47	6279	2302	2.346986054114118e-07	0.9999997653013947	2.346986054114118e-07	2.346986054114118e-07	6.6294894909890845	-6.6294894909890845
77_214del,265_266insGG	564	319	6279	2302	1.0	2.3419625689416708e-24	2.3419625689416708e-24	2.3419625689416708e-24	23.630420050438715	23.630420050438715
77_237del,257_265del	116	43	6279	2302	0.5780869460216012	0.42191305397839884	0.42191305397839884	0.42191305397839884	0.374777037350802	0.374777037350802
77_264delinsGGAA	64	2	6279	2302	1.2352190505947254e-10	0.9999999998764781	1.2352190505947254e-10	1.2352190505947254e-10	9.908256018899236	-9.908256018899236
77_267delinsGC	321	62	6279	2302	3.29389827661309e-12	0.9999999999967062	3.29389827661309e-12	3.29389827661309e-12	11.48228981700226	-11.48228981700226
79_130del,154_211delinsA	56	29	6279	2302	0.9929753779483736	0.007024622051626361	0.007024622051626361	0.007024622051626361	2.153377037303125	2.153377037303125
